# columns = ["i", "j", "weight"]
0 0 9.699583110293611421e-01
0 1 9.699583110293611421e-01
0 2 9.699583110293612531e-01
0 3 9.699583110293612531e-01
0 4 9.699583110293612531e-01
0 5 9.699583110293612531e-01
0 6 9.699583110293612531e-01
0 7 9.699583110293612531e-01
0 8 9.699583110293612531e-01
0 9 9.699583159874854976e-01
0 10 9.699583159874854976e-01
0 11 9.699583181243973673e-01
0 12 9.699583181243973673e-01
0 13 9.699583181243973673e-01
0 14 1.460454951013570428e-13
0 15 1.460454951013570428e-13
0 16 1.460454951013570428e-13
0 17 1.460454951013570428e-13
0 18 1.460454951012752284e-13
0 19 1.460454951012752284e-13
0 20 1.460454928770871820e-13
0 21 1.460454928770875607e-13
0 22 1.460454928770875607e-13
0 23 1.460454928770877122e-13
0 24 1.460401225478900939e-13
0 25 5.159244888362676614e-37
0 26 5.159244888362676614e-37
0 27 5.159244888362676614e-37
0 28 7.857519395107713865e-45
0 29 1.357067730038757937e-07
1 0 9.699583110293611421e-01
1 1 9.699583110293611421e-01
1 2 9.699583181243972563e-01
1 3 9.699583181243972563e-01
1 4 9.699583181243973673e-01
1 5 9.699583181243973673e-01
1 6 9.699583181243973673e-01
1 7 9.699583181243973673e-01
1 8 9.699583181243973673e-01
1 9 9.699583181243973673e-01
1 10 9.699583181243973673e-01
1 11 0.000000000000000000e+00
1 12 0.000000000000000000e+00
1 13 0.000000000000000000e+00
1 14 0.000000000000000000e+00
1 15 0.000000000000000000e+00
1 16 0.000000000000000000e+00
1 17 0.000000000000000000e+00
1 18 0.000000000000000000e+00
1 19 0.000000000000000000e+00
1 20 0.000000000000000000e+00
1 21 0.000000000000000000e+00
1 22 0.000000000000000000e+00
1 23 0.000000000000000000e+00
1 24 0.000000000000000000e+00
1 25 0.000000000000000000e+00
1 26 0.000000000000000000e+00
1 27 0.000000000000000000e+00
1 28 9.724692145620454203e-06
1 29 1.357067730038757937e-07
2 0 9.699583110293611421e-01
2 1 9.699583110293611421e-01
2 2 9.699583110293611421e-01
2 3 9.699583110293611421e-01
2 4 9.699583110293611421e-01
2 5 9.699583110293611421e-01
2 6 9.699583110293611421e-01
2 7 9.699583110293611421e-01
2 8 9.699583110293611421e-01
2 9 0.000000000000000000e+00
2 10 0.000000000000000000e+00
2 11 0.000000000000000000e+00
2 12 0.000000000000000000e+00
2 13 0.000000000000000000e+00
2 14 1.917868010509838627e-05
2 15 1.917868010509838627e-05
2 16 1.917868010509838627e-05
2 17 1.917868010509838627e-05
2 18 1.917868010509838627e-05
2 19 1.917868010509838627e-05
2 20 1.917868010509838627e-05
2 21 1.917868010509838627e-05
2 22 1.917832923817058249e-05
2 23 9.589340052549182971e-06
2 24 9.588987436899813014e-06
2 25 0.000000000000000000e+00
2 26 0.000000000000000000e+00
2 27 9.725047080563989856e-06
2 28 1.357042335172040684e-07
2 29 1.357067730038757937e-07
3 0 9.699583110293611421e-01
3 1 9.699583110293611421e-01
3 2 9.699583110293611421e-01
3 3 9.699583110293611421e-01
3 4 9.699583110293611421e-01
3 5 9.699583110293611421e-01
3 6 0.000000000000000000e+00
3 7 0.000000000000000000e+00
3 8 0.000000000000000000e+00
3 9 0.000000000000000000e+00
3 10 0.000000000000000000e+00
3 11 0.000000000000000000e+00
3 12 0.000000000000000000e+00
3 13 0.000000000000000000e+00
3 14 0.000000000000000000e+00
3 15 0.000000000000000000e+00
3 16 0.000000000000000000e+00
3 17 0.000000000000000000e+00
3 18 0.000000000000000000e+00
3 19 0.000000000000000000e+00
3 20 0.000000000000000000e+00
3 21 0.000000000000000000e+00
3 22 0.000000000000000000e+00
3 23 9.589340052549218547e-06
3 24 9.589340052549218547e-06
3 25 9.589340052549218547e-06
3 26 9.589341801270791503e-06
3 27 9.588989939306428610e-06
3 28 2.224269898324616802e-21
3 29 1.357067730038757937e-07
4 0 9.699583110293611421e-01
4 1 9.699583110293611421e-01
4 2 9.699583110293611421e-01
4 3 9.699583110293611421e-01
4 4 0.000000000000000000e+00
4 5 0.000000000000000000e+00
4 6 0.000000000000000000e+00
4 7 0.000000000000000000e+00
4 8 0.000000000000000000e+00
4 9 0.000000000000000000e+00
4 10 0.000000000000000000e+00
4 11 0.000000000000000000e+00
4 12 0.000000000000000000e+00
4 13 0.000000000000000000e+00
4 14 0.000000000000000000e+00
4 15 0.000000000000000000e+00
4 16 0.000000000000000000e+00
4 17 0.000000000000000000e+00
4 18 0.000000000000000000e+00
4 19 0.000000000000000000e+00
4 20 0.000000000000000000e+00
4 21 0.000000000000000000e+00
4 22 0.000000000000000000e+00
4 23 9.589342554955800261e-06
4 24 9.589342554955800261e-06
4 25 9.589342554955800261e-06
4 26 9.588989939306428610e-06
4 27 0.000000000000000000e+00
4 28 0.000000000000000000e+00
4 29 1.357067730038757937e-07
5 0 9.699583110293612531e-01
5 1 9.699583110293612531e-01
5 2 0.000000000000000000e+00
5 3 0.000000000000000000e+00
5 4 9.589342701001254908e-06
5 5 9.589342701001254908e-06
5 6 9.589342701001254908e-06
5 7 9.589342701001254908e-06
5 8 9.589342701001254908e-06
5 9 9.589342701001254908e-06
5 10 9.589342701001280319e-06
5 11 9.589342701001290483e-06
5 12 9.589342701001290483e-06
5 13 9.589342701001290483e-06
5 14 1.460454951013570428e-13
5 15 1.460454951013570428e-13
5 16 1.460454951013570428e-13
5 17 9.589342847046746824e-06
5 18 9.589342847046746824e-06
5 19 9.589342847046746824e-06
5 20 9.589342847046746824e-06
5 21 9.589342847041376635e-06
5 22 9.589342847041376635e-06
5 23 9.589342701001254908e-06
5 24 9.589342701001254908e-06
5 25 9.589342701001254908e-06
5 26 9.589342701001280319e-06
5 27 2.890337725553981693e-05
5 28 1.931403955935171360e-05
5 29 1.357067730038757937e-07
6 0 9.699583110293611421e-01
6 1 0.000000000000000000e+00
6 2 0.000000000000000000e+00
6 3 0.000000000000000000e+00
6 4 0.000000000000000000e+00
6 5 0.000000000000000000e+00
6 6 0.000000000000000000e+00
6 7 0.000000000000000000e+00
6 8 0.000000000000000000e+00
6 9 0.000000000000000000e+00
6 10 0.000000000000000000e+00
6 11 0.000000000000000000e+00
6 12 0.000000000000000000e+00
6 13 0.000000000000000000e+00
6 14 0.000000000000000000e+00
6 15 0.000000000000000000e+00
6 16 0.000000000000000000e+00
6 17 9.589342554955764686e-06
6 18 9.589342554955764686e-06
6 19 9.589342554955764686e-06
6 20 9.589342554955764686e-06
6 21 9.589342554955790097e-06
6 22 9.589342554955790097e-06
6 23 9.589342554955800261e-06
6 24 9.589342554955800261e-06
6 25 9.589342554955800261e-06
6 26 9.588989939306428610e-06
6 27 1.822569562603400907e-60
6 28 2.890337931981519653e-05
6 29 1.357067730038757937e-07
7 0 0.000000000000000000e+00
7 1 0.000000000000000000e+00
7 2 0.000000000000000000e+00
7 3 0.000000000000000000e+00
7 4 0.000000000000000000e+00
7 5 0.000000000000000000e+00
7 6 0.000000000000000000e+00
7 7 0.000000000000000000e+00
7 8 0.000000000000000000e+00
7 9 0.000000000000000000e+00
7 10 0.000000000000000000e+00
7 11 9.589340198594671500e-06
7 12 9.589340198594671500e-06
7 13 9.589340198594671500e-06
7 14 9.589340198594671500e-06
7 15 9.589340198594671500e-06
7 16 9.589340198594696911e-06
7 17 9.589340198594710463e-06
7 18 9.589340198594710463e-06
7 19 9.589340198594710463e-06
7 20 9.589340198594710463e-06
7 21 9.589340198589340274e-06
7 22 9.588987582939966929e-06
7 23 0.000000000000000000e+00
7 24 0.000000000000000000e+00
7 25 0.000000000000000000e+00
7 26 0.000000000000000000e+00
7 27 0.000000000000000000e+00
7 28 0.000000000000000000e+00
7 29 1.357067730038757937e-07
8 0 9.699583110293611421e-01
8 1 0.000000000000000000e+00
8 2 0.000000000000000000e+00
8 3 0.000000000000000000e+00
8 4 9.589340198594671500e-06
8 5 9.589340198594671500e-06
8 6 9.589340198594671500e-06
8 7 9.589340198594671500e-06
8 8 9.589340198594671500e-06
8 9 9.589340198594671500e-06
8 10 9.589340198594671500e-06
8 11 9.589340198594671500e-06
8 12 9.589340198594671500e-06
8 13 9.589340198594671500e-06
8 14 9.589340198594671500e-06
8 15 9.589340198594696911e-06
8 16 9.589340198594696911e-06
8 17 9.589340198594710463e-06
8 18 9.589340198594710463e-06
8 19 9.589340198594710463e-06
8 20 9.589340198594710463e-06
8 21 9.589340198589340274e-06
8 22 9.589340198589340274e-06
8 23 9.589340052549218547e-06
8 24 9.589340052549218547e-06
8 25 9.589340052549218547e-06
8 26 9.589340052549218547e-06
8 27 9.589340052549218547e-06
8 28 9.588987436899848590e-06
8 29 1.357067730038757937e-07
9 0 9.699583110293611421e-01
9 1 9.699583110293611421e-01
9 2 0.000000000000000000e+00
9 3 0.000000000000000000e+00
9 4 1.917868275355046160e-05
9 5 1.917868275355046160e-05
9 6 1.917868275355046160e-05
9 7 1.917833013790111536e-05
9 8 1.917817416901490549e-05
9 9 9.589340198594710463e-06
9 10 9.589340198594710463e-06
9 11 9.589340198594710463e-06
9 12 9.589340198594710463e-06
9 13 9.589340198594710463e-06
9 14 9.589340198594710463e-06
9 15 9.589340198594710463e-06
9 16 9.589340198594710463e-06
9 17 9.589340198594710463e-06
9 18 9.589340198594710463e-06
9 19 9.589340198594710463e-06
9 20 9.589340198594710463e-06
9 21 9.589341947310911537e-06
9 22 9.589341947310911537e-06
9 23 9.589342554955800261e-06
9 24 9.589342554955800261e-06
9 25 9.589342554955800261e-06
9 26 9.589342554955800261e-06
9 27 2.876802810299846738e-05
9 28 9.588990231397409055e-06
9 29 1.357067730038757937e-07
10 0 9.699583110293611421e-01
10 1 9.699583110293611421e-01
10 2 9.699583110293611421e-01
10 3 9.699583110293611421e-01
10 4 0.000000000000000000e+00
10 5 0.000000000000000000e+00
10 6 0.000000000000000000e+00
10 7 0.000000000000000000e+00
10 8 0.000000000000000000e+00
10 9 0.000000000000000000e+00
10 10 0.000000000000000000e+00
10 11 0.000000000000000000e+00
10 12 0.000000000000000000e+00
10 13 0.000000000000000000e+00
10 14 0.000000000000000000e+00
10 15 0.000000000000000000e+00
10 16 0.000000000000000000e+00
10 17 0.000000000000000000e+00
10 18 0.000000000000000000e+00
10 19 0.000000000000000000e+00
10 20 0.000000000000000000e+00
10 21 0.000000000000000000e+00
10 22 0.000000000000000000e+00
10 23 0.000000000000000000e+00
10 24 0.000000000000000000e+00
10 25 0.000000000000000000e+00
10 26 0.000000000000000000e+00
10 27 0.000000000000000000e+00
10 28 0.000000000000000000e+00
10 29 1.357067730038757937e-07
11 0 9.699583110293611421e-01
11 1 9.699583181243972563e-01
11 2 9.699583181243972563e-01
11 3 9.699583181243972563e-01
11 4 9.699583181243972563e-01
11 5 9.699583181243972563e-01
11 6 1.917868025114384092e-05
11 7 1.917868025114384092e-05
11 8 1.917868025114384092e-05
11 9 1.917868025114387480e-05
11 10 1.917868025114387480e-05
11 11 1.917868275355046837e-05
11 12 1.917868275355046837e-05
11 13 1.917868275355046837e-05
11 14 1.917868275355046837e-05
11 15 1.917868275355046837e-05
11 16 1.917868275355046837e-05
11 17 1.917868275355046837e-05
11 18 1.917833013790109842e-05
11 19 1.917832307168580635e-05
11 20 9.589342554955800261e-06
11 21 9.589342554955800261e-06
11 22 9.589342554955800261e-06
11 23 2.876802030369308318e-05
11 24 2.876802030369308318e-05
11 25 1.917867774873729139e-05
11 26 1.917867949745351788e-05
11 27 1.917868010509842693e-05
11 28 9.589340052549218547e-06
11 29 1.357067730038757937e-07
12 0 9.699583110293611421e-01
12 1 9.699583110293611421e-01
12 2 9.699583181243973673e-01
12 3 9.699583181243973673e-01
12 4 9.699583181243973673e-01
12 5 9.699583181243973673e-01
12 6 9.699583181243973673e-01
12 7 9.699583181243973673e-01
12 8 5.202873979841702301e-01
12 9 9.589342701001290483e-06
12 10 9.589342701001290483e-06
12 11 9.589342701001290483e-06
12 12 9.589342701001290483e-06
12 13 9.589342701001290483e-06
12 14 9.589342701001290483e-06
12 15 9.589342701001290483e-06
12 16 9.589342701001290483e-06
12 17 1.917868540200253692e-05
12 18 1.917868540200253692e-05
12 19 1.917868540200253692e-05
12 20 1.917868540200253692e-05
12 21 1.917868540200253692e-05
12 22 1.917868540200253692e-05
12 23 1.917868540200253692e-05
12 24 1.917868540200253692e-05
12 25 1.917868540200253692e-05
12 26 1.917868540200253692e-05
12 27 1.917868540200253692e-05
12 28 9.724694464914575854e-06
12 29 1.357067730038757937e-07
13 0 9.699583110293611421e-01
13 1 9.699583110293611421e-01
13 2 9.699583110293611421e-01
13 3 9.699583110293611421e-01
13 4 9.699583110293611421e-01
13 5 9.699583110293611421e-01
13 6 9.699583110293611421e-01
13 7 9.699583110293611421e-01
13 8 9.699583110293611421e-01
13 9 9.699583159874853866e-01
13 10 9.699583159874853866e-01
13 11 9.589340198594710463e-06
13 12 9.589340198594710463e-06
13 13 9.589340198594710463e-06
13 14 9.589342701001290483e-06
13 15 9.589342701001290483e-06
13 16 9.589342701001290483e-06
13 17 9.589342701001290483e-06
13 18 9.589342701001290483e-06
13 19 9.589342701001290483e-06
13 20 9.589342701001290483e-06
13 21 9.589342701001290483e-06
13 22 9.589342700995921989e-06
13 23 9.589342554955800261e-06
13 24 9.589342554955800261e-06
13 25 9.589342554955800261e-06
13 26 9.589342554955800261e-06
13 27 9.589342554955800261e-06
13 28 9.589342554955800261e-06
13 29 1.357067730038757937e-07
14 0 9.699583110293611421e-01
14 1 9.699583110293611421e-01
14 2 9.699583181243972563e-01
14 3 9.699583181243972563e-01
14 4 9.699583181243972563e-01
14 5 9.699583181243972563e-01
14 6 9.699583181243972563e-01
14 7 9.699583181243972563e-01
14 8 9.699583181243972563e-01
14 9 9.699583181243972563e-01
14 10 9.699583181243972563e-01
14 11 9.699583181243972563e-01
14 12 9.699583181243972563e-01
14 13 9.699583181243972563e-01
14 14 9.589340052549218547e-06
14 15 9.589340052549218547e-06
14 16 9.589340052549218547e-06
14 17 9.589342554955800261e-06
14 18 9.589342554955800261e-06
14 19 9.589342554955800261e-06
14 20 9.589342554955800261e-06
14 21 9.589342554955800261e-06
14 22 9.589342554955800261e-06
14 23 9.589342554955800261e-06
14 24 9.589342554955800261e-06
14 25 9.589342554955800261e-06
14 26 9.588989939306428610e-06
14 27 4.448539796649227586e-21
14 28 2.224269898324608527e-21
14 29 1.357067730038757937e-07
15 0 9.699583110293611421e-01
15 1 9.699583110293611421e-01
15 2 9.699583110293611421e-01
15 3 9.699583159874853866e-01
15 4 9.699583181243972563e-01
15 5 9.699583181243972563e-01
15 6 9.699583181243972563e-01
15 7 9.699583181243972563e-01
15 8 9.699583181243972563e-01
15 9 9.699583181243972563e-01
15 10 9.699583181243972563e-01
15 11 9.699583181243972563e-01
15 12 9.699583181243972563e-01
15 13 9.699583181243972563e-01
15 14 9.699583181243972563e-01
15 15 9.699583181243972563e-01
15 16 9.699583181243972563e-01
15 17 0.000000000000000000e+00
15 18 0.000000000000000000e+00
15 19 0.000000000000000000e+00
15 20 0.000000000000000000e+00
15 21 0.000000000000000000e+00
15 22 0.000000000000000000e+00
15 23 1.460454973256274336e-13
15 24 1.460454973256274336e-13
15 25 1.460454973256274336e-13
15 26 1.460454973256274336e-13
15 27 1.460454973256274336e-13
15 28 1.460401269963480262e-13
15 29 1.357067730038757937e-07
16 0 9.699583110293611421e-01
16 1 9.699583110293611421e-01
16 2 9.699583110293611421e-01
16 3 9.699583110293611421e-01
16 4 9.699583110293612531e-01
16 5 9.699583110293612531e-01
16 6 9.699583110293612531e-01
16 7 9.699583110293612531e-01
16 8 9.699583110293612531e-01
16 9 9.699583110293612531e-01
16 10 9.699583110293612531e-01
16 11 9.699583110293612531e-01
16 12 9.699583110293612531e-01
16 13 9.699583110293612531e-01
16 14 9.699583110293612531e-01
16 15 9.699583110293612531e-01
16 16 9.699583110293612531e-01
16 17 9.699583110293612531e-01
16 18 9.699583110293612531e-01
16 19 9.699583110293612531e-01
16 20 0.000000000000000000e+00
16 21 0.000000000000000000e+00
16 22 0.000000000000000000e+00
16 23 0.000000000000000000e+00
16 24 0.000000000000000000e+00
16 25 1.917868554804805255e-05
16 26 1.917833293239330902e-05
16 27 9.589342701001290483e-06
16 28 1.460401225478900939e-13
16 29 1.357067730038757937e-07
17 0 9.699583110293611421e-01
17 1 9.699583110293611421e-01
17 2 9.699583110293611421e-01
17 3 9.699583110293611421e-01
17 4 9.699583110293611421e-01
17 5 9.699583159874853866e-01
17 6 9.699583181243972563e-01
17 7 9.699583181243972563e-01
17 8 9.699583181243972563e-01
17 9 9.699583181243972563e-01
17 10 9.699583181243972563e-01
17 11 9.699583181243972563e-01
17 12 9.699583181243972563e-01
17 13 9.699583181243972563e-01
17 14 9.699583181243972563e-01
17 15 9.699583181243972563e-01
17 16 9.699583181243972563e-01
17 17 9.699583181243972563e-01
17 18 9.699583181243972563e-01
17 19 9.699583181243972563e-01
17 20 9.699583181243973673e-01
17 21 9.699583181243973673e-01
17 22 9.699583181243973673e-01
17 23 0.000000000000000000e+00
17 24 0.000000000000000000e+00
17 25 0.000000000000000000e+00
17 26 0.000000000000000000e+00
17 27 1.460454928770877122e-13
17 28 1.460454928770877122e-13
17 29 1.357067730038757937e-07
18 0 9.699583110293611421e-01
18 1 9.699583110293612531e-01
18 2 9.699583110293612531e-01
18 3 9.699583110293612531e-01
18 4 9.699583110293612531e-01
18 5 9.699583110293612531e-01
18 6 9.699583110293612531e-01
18 7 9.699583110293612531e-01
18 8 9.699583110293612531e-01
18 9 9.699583110293612531e-01
18 10 9.699583110293612531e-01
18 11 9.699583110293612531e-01
18 12 9.699583110293612531e-01
18 13 9.699583110293612531e-01
18 14 9.699583110293612531e-01
18 15 9.699583110293612531e-01
18 16 9.699583110293612531e-01
18 17 9.699583110293612531e-01
18 18 9.699583110293612531e-01
18 19 9.699583110293612531e-01
18 20 9.699583110293612531e-01
18 21 9.699583110293612531e-01
18 22 9.699583110293612531e-01
18 23 9.699583110293612531e-01
18 24 9.699583110293612531e-01
18 25 0.000000000000000000e+00
18 26 0.000000000000000000e+00
18 27 9.725046971598562911e-06
18 28 9.724695958625289240e-06
18 29 1.357067730038757937e-07
19 0 9.699583110293611421e-01
19 1 9.699583181243972563e-01
19 2 9.699583181243972563e-01
19 3 9.699583181243972563e-01
19 4 9.699583181243972563e-01
19 5 9.699583181243972563e-01
19 6 9.699583181243972563e-01
19 7 9.699583181243972563e-01
19 8 9.699583181243972563e-01
19 9 9.699583181243972563e-01
19 10 9.699583181243972563e-01
19 11 9.699583181243972563e-01
19 12 9.699583181243972563e-01
19 13 9.699583181243972563e-01
19 14 9.699583181243972563e-01
19 15 9.699583181243973673e-01
19 16 9.699583181243973673e-01
19 17 9.699583181243973673e-01
19 18 9.699583181243973673e-01
19 19 9.699583181243973673e-01
19 20 9.699583181243973673e-01
19 21 9.699583181243973673e-01
19 22 9.699583181243973673e-01
19 23 9.699583181243973673e-01
19 24 9.699583181243973673e-01
19 25 9.699583181243973673e-01
19 26 9.699583181243973673e-01
19 27 1.917833028394654967e-05
19 28 0.000000000000000000e+00
19 29 1.357067730038757937e-07
20 0 9.699583110293611421e-01
20 1 9.699583110293611421e-01
20 2 9.699583110293611421e-01
20 3 9.699583110293611421e-01
20 4 9.699583110293611421e-01
20 5 9.699583110293611421e-01
20 6 9.699583110293611421e-01
20 7 9.699583110293611421e-01
20 8 9.699583110293611421e-01
20 9 9.699583110293611421e-01
20 10 9.699583110293611421e-01
20 11 9.699583110293611421e-01
20 12 9.699583110293611421e-01
20 13 9.699583110293611421e-01
20 14 9.699583110293611421e-01
20 15 9.699583110293611421e-01
20 16 9.699583159874853866e-01
20 17 9.699583181243972563e-01
20 18 9.699583181243972563e-01
20 19 9.699583181243972563e-01
20 20 9.699583181243972563e-01
20 21 9.699583181243972563e-01
20 22 9.699583181243972563e-01
20 23 9.699583181243972563e-01
20 24 9.699583181243972563e-01
20 25 9.699583181243972563e-01
20 26 9.699583181243972563e-01
20 27 9.699583181243972563e-01
20 28 0.000000000000000000e+00
20 29 1.357067730038757937e-07
21 0 9.699583110293611421e-01
21 1 9.699583110293611421e-01
21 2 9.699583110293611421e-01
21 3 9.699583110293611421e-01
21 4 9.699583110293611421e-01
21 5 9.699583110293611421e-01
21 6 9.699583110293611421e-01
21 7 9.699583110293611421e-01
21 8 9.699583110293611421e-01
21 9 9.699583110293611421e-01
21 10 9.699583110293611421e-01
21 11 9.699583181243972563e-01
21 12 9.699583181243972563e-01
21 13 9.699583181243972563e-01
21 14 9.699583181243972563e-01
21 15 9.699583181243972563e-01
21 16 9.699583181243972563e-01
21 17 9.699583181243972563e-01
21 18 9.699583181243972563e-01
21 19 9.699583181243972563e-01
21 20 9.699583181243972563e-01
21 21 9.699583181243972563e-01
21 22 9.699583181243972563e-01
21 23 9.699583181243972563e-01
21 24 9.699583181243972563e-01
21 25 9.699583181243972563e-01
21 26 9.699583181243972563e-01
21 27 9.699583181243972563e-01
21 28 1.460454951012757585e-13
21 29 1.357067730038757937e-07
22 0 9.699583110293611421e-01
22 1 9.699583110293611421e-01
22 2 9.699583110293611421e-01
22 3 9.699583110293611421e-01
22 4 9.699583110293611421e-01
22 5 9.699583110293611421e-01
22 6 9.699583110293611421e-01
22 7 9.699583110293611421e-01
22 8 9.699583110293611421e-01
22 9 9.699583110293611421e-01
22 10 9.699583110293611421e-01
22 11 9.699583110293611421e-01
22 12 9.699583110293611421e-01
22 13 9.699583110293611421e-01
22 14 9.699583110293611421e-01
22 15 9.699583159874853866e-01
22 16 9.699583159874853866e-01
22 17 9.699583181243972563e-01
22 18 9.699583181243972563e-01
22 19 9.699583181243972563e-01
22 20 9.699583181243972563e-01
22 21 9.699583181243972563e-01
22 22 9.699583181243973673e-01
22 23 9.699583181243973673e-01
22 24 9.699583181243973673e-01
22 25 9.699583181243973673e-01
22 26 9.699583181243973673e-01
22 27 9.699583181243973673e-01
22 28 9.699583181243973673e-01
22 29 1.357067730038757937e-07
23 0 9.699583110293611421e-01
23 1 9.699583110293611421e-01
23 2 9.699583110293611421e-01
23 3 9.699583159874853866e-01
23 4 9.699583181243972563e-01
23 5 9.699583181243972563e-01
23 6 9.699583181243972563e-01
23 7 9.699583181243972563e-01
23 8 9.699583181243972563e-01
23 9 9.699583181243972563e-01
23 10 9.699583181243972563e-01
23 11 9.699583181243972563e-01
23 12 9.699583181243972563e-01
23 13 9.699583181243972563e-01
23 14 9.699583181243972563e-01
23 15 9.699583181243972563e-01
23 16 9.699583181243972563e-01
23 17 9.699583181243972563e-01
23 18 9.699583181243972563e-01
23 19 9.699583181243972563e-01
23 20 9.699583181243972563e-01
23 21 9.699583181243972563e-01
23 22 9.699583181243972563e-01
23 23 9.699583181243972563e-01
23 24 9.699583181243972563e-01
23 25 9.699583181243972563e-01
23 26 9.699583181243972563e-01
23 27 9.699583181243972563e-01
23 28 9.699583181243973673e-01
23 29 1.357067730038757937e-07
24 0 9.699583110293611421e-01
24 1 9.699583110293611421e-01
24 2 9.699583110293611421e-01
24 3 9.699583110293611421e-01
24 4 9.699583110293611421e-01
24 5 9.699583110293611421e-01
24 6 9.699583110293611421e-01
24 7 9.699583110293611421e-01
24 8 9.699583110293611421e-01
24 9 9.699583110293611421e-01
24 10 9.699583110293611421e-01
24 11 9.699583110293611421e-01
24 12 9.699583110293611421e-01
24 13 9.699583110293611421e-01
24 14 9.699583110293611421e-01
24 15 9.699583110293611421e-01
24 16 9.699583110293611421e-01
24 17 9.699583110293611421e-01
24 18 9.699583110293611421e-01
24 19 9.699583110293611421e-01
24 20 9.699583110293611421e-01
24 21 9.699583110293611421e-01
24 22 9.699583110293611421e-01
24 23 9.699583110293612531e-01
24 24 9.699583110293612531e-01
24 25 9.699583110293612531e-01
24 26 9.699583110293612531e-01
24 27 9.699583110293612531e-01
24 28 0.000000000000000000e+00
24 29 1.357067730038757937e-07
25 0 9.699583110293611421e-01
25 1 9.699583181243972563e-01
25 2 9.699583181243973673e-01
25 3 9.699583181243973673e-01
25 4 9.699583181243973673e-01
25 5 9.699583181243973673e-01
25 6 9.699583181243973673e-01
25 7 9.699583181243973673e-01
25 8 9.699583181243973673e-01
25 9 9.699583181243973673e-01
25 10 9.699583181243973673e-01
25 11 9.699583181243973673e-01
25 12 9.699583181243973673e-01
25 13 9.699583181243973673e-01
25 14 9.699583181243973673e-01
25 15 9.699583181243973673e-01
25 16 9.699583181243973673e-01
25 17 9.699583181243973673e-01
25 18 9.699583181243973673e-01
25 19 9.699583181243973673e-01
25 20 9.699583181243973673e-01
25 21 9.699583181243973673e-01
25 22 9.699583181243973673e-01
25 23 9.699583181243973673e-01
25 24 9.699583181243973673e-01
25 25 9.699583181243973673e-01
25 26 9.699583181243973673e-01
25 27 9.589342554955764686e-06
25 28 9.588989939306393035e-06
25 29 1.357067730038757937e-07
26 0 9.699583110293611421e-01
26 1 9.699583110293611421e-01
26 2 9.699583110293611421e-01
26 3 9.699583110293611421e-01
26 4 9.699583110293611421e-01
26 5 9.699583110293611421e-01
26 6 9.699583110293611421e-01
26 7 9.699583110293611421e-01
26 8 9.699583110293611421e-01
26 9 9.699583110293611421e-01
26 10 9.699583110293611421e-01
26 11 9.699583110293611421e-01
26 12 9.699583110293611421e-01
26 13 9.699583110293611421e-01
26 14 9.699583110293611421e-01
26 15 9.699583110293611421e-01
26 16 9.699583110293611421e-01
26 17 9.699583110293611421e-01
26 18 9.699583110293611421e-01
26 19 9.699583110293611421e-01
26 20 9.699583110293611421e-01
26 21 9.699583110293611421e-01
26 22 9.699583110293611421e-01
26 23 9.699583110293611421e-01
26 24 9.699583110293611421e-01
26 25 0.000000000000000000e+00
26 26 0.000000000000000000e+00
26 27 0.000000000000000000e+00
26 28 0.000000000000000000e+00
26 29 1.357067730038757937e-07
27 0 9.699583110293611421e-01
27 1 9.699583110293612531e-01
27 2 9.699583110293612531e-01
27 3 9.699583110293612531e-01
27 4 9.699583110293612531e-01
27 5 9.699583110293612531e-01
27 6 9.699583110293612531e-01
27 7 9.699583110293612531e-01
27 8 9.699583110293612531e-01
27 9 9.699583110293612531e-01
27 10 9.699583110293612531e-01
27 11 9.699583110293612531e-01
27 12 9.699583110293612531e-01
27 13 9.699583110293612531e-01
27 14 9.699583110293612531e-01
27 15 9.699583110293612531e-01
27 16 9.699583110293612531e-01
27 17 9.699583110293612531e-01
27 18 9.699583110293612531e-01
27 19 9.699583110293612531e-01
27 20 9.699583110293612531e-01
27 21 9.699583110293612531e-01
27 22 9.699583110293612531e-01
27 23 0.000000000000000000e+00
27 24 0.000000000000000000e+00
27 25 0.000000000000000000e+00
27 26 0.000000000000000000e+00
27 27 0.000000000000000000e+00
27 28 0.000000000000000000e+00
27 29 1.357067730038757937e-07
28 0 9.699583110293611421e-01
28 1 9.699583110293612531e-01
28 2 9.699583110293612531e-01
28 3 9.699583110293612531e-01
28 4 9.699583110293612531e-01
28 5 9.699583110293612531e-01
28 6 9.699583110293612531e-01
28 7 9.699583110293612531e-01
28 8 9.699583110293612531e-01
28 9 9.699583110293612531e-01
28 10 9.699583110293612531e-01
28 11 9.699583110293612531e-01
28 12 9.699583110293612531e-01
28 13 9.699583110293612531e-01
28 14 9.699583110293612531e-01
28 15 9.699583110293612531e-01
28 16 9.699583110293612531e-01
28 17 9.699583110293612531e-01
28 18 9.699583110293612531e-01
28 19 9.699583110293612531e-01
28 20 0.000000000000000000e+00
28 21 0.000000000000000000e+00
28 22 0.000000000000000000e+00
28 23 9.589342554955800261e-06
28 24 9.588989939306428610e-06
28 25 3.387558601418229747e-29
28 26 3.387558601418229747e-29
28 27 1.460454547654863046e-13
28 28 1.460400844362886610e-13
28 29 1.357067730038757937e-07
29 0 9.699583110293611421e-01
29 1 9.699583110293611421e-01
29 2 9.699583110293611421e-01
29 3 9.699583110293611421e-01
29 4 9.699583110293611421e-01
29 5 9.699583110293611421e-01
29 6 9.699583110293612531e-01
29 7 9.699583110293612531e-01
29 8 9.699583110293612531e-01
29 9 9.699583110293612531e-01
29 10 9.699583110293612531e-01
29 11 9.699583110293612531e-01
29 12 9.699583110293612531e-01
29 13 9.699583110293612531e-01
29 14 9.699583110293612531e-01
29 15 9.699583110293612531e-01
29 16 9.699583110293612531e-01
29 17 0.000000000000000000e+00
29 18 0.000000000000000000e+00
29 19 0.000000000000000000e+00
29 20 0.000000000000000000e+00
29 21 0.000000000000000000e+00
29 22 0.000000000000000000e+00
29 23 9.589342554955800261e-06
29 24 9.589342554955800261e-06
29 25 9.589342554955800261e-06
29 26 9.589342554955800261e-06
29 27 9.589342554955800261e-06
29 28 0.000000000000000000e+00
29 29 1.357067730038757937e-07

