# columns = ["i", "j", "weight"]
0 0 9.699583110293611421e-01
0 1 9.699583110293611421e-01
0 2 9.699583110293611421e-01
0 3 9.699583110293611421e-01
0 4 9.699583110293611421e-01
0 5 9.699583110293611421e-01
0 6 9.699583110293611421e-01
0 7 9.699583110293611421e-01
0 8 9.699583110293611421e-01
0 9 9.699583110293611421e-01
0 10 9.699583110293611421e-01
0 11 9.699583110293611421e-01
0 12 9.699583110293611421e-01
0 13 9.699583110293611421e-01
0 14 9.699583110293611421e-01
0 15 9.699583110293611421e-01
0 16 9.699583110293611421e-01
0 17 9.699583110293612531e-01
0 18 9.699583110293612531e-01
0 19 9.699583110293612531e-01
0 20 9.699583159874854976e-01
0 21 9.699583181243973673e-01
0 22 9.699583181243973673e-01
0 23 9.699583181243973673e-01
0 24 9.699583181243973673e-01
0 25 9.699583181243973673e-01
0 26 9.699583181243973673e-01
0 27 9.699583181243973673e-01
0 28 9.699583181243973673e-01
0 29 1.168008795943234063e-07
1 0 9.699583110293611421e-01
1 1 9.699583110293611421e-01
1 2 9.699583110293611421e-01
1 3 9.699583110293611421e-01
1 4 9.699583110293611421e-01
1 5 9.699583110293611421e-01
1 6 9.699583110293611421e-01
1 7 9.699583110293611421e-01
1 8 9.699583110293611421e-01
1 9 9.699583110293611421e-01
1 10 9.699583110293611421e-01
1 11 9.699583110293611421e-01
1 12 9.699583110293611421e-01
1 13 9.699583110293611421e-01
1 14 9.699583110293611421e-01
1 15 9.699583110293611421e-01
1 16 9.699583110293611421e-01
1 17 9.699583110293611421e-01
1 18 9.699583110293611421e-01
1 19 9.699583110293611421e-01
1 20 9.699583110293611421e-01
1 21 9.699583110293611421e-01
1 22 9.699583110293611421e-01
1 23 9.699583110293611421e-01
1 24 9.699583110293611421e-01
1 25 9.699583110293611421e-01
1 26 9.699583110293611421e-01
1 27 9.699583181243972563e-01
1 28 9.699583181243973673e-01
1 29 1.168008795943234063e-07
2 0 9.699583110293611421e-01
2 1 9.699583110293611421e-01
2 2 9.699583110293611421e-01
2 3 9.699583110293611421e-01
2 4 9.699583110293611421e-01
2 5 9.699583110293611421e-01
2 6 9.699583110293611421e-01
2 7 9.699583110293611421e-01
2 8 9.699583110293611421e-01
2 9 9.699583110293611421e-01
2 10 9.699583110293611421e-01
2 11 9.699583110293611421e-01
2 12 9.699583110293611421e-01
2 13 9.699583110293611421e-01
2 14 9.699583110293611421e-01
2 15 9.699583110293611421e-01
2 16 9.699583181243972563e-01
2 17 9.699583181243972563e-01
2 18 9.699583181243972563e-01
2 19 9.699583181243972563e-01
2 20 9.699583181243973673e-01
2 21 9.699583181243973673e-01
2 22 9.699583181243973673e-01
2 23 9.699583181243973673e-01
2 24 9.699583181243973673e-01
2 25 9.699583181243973673e-01
2 26 9.699583181243973673e-01
2 27 9.699583181243973673e-01
2 28 9.699583181243973673e-01
2 29 1.168008795943234063e-07
3 0 9.699583110293611421e-01
3 1 9.699583110293611421e-01
3 2 9.699583110293611421e-01
3 3 9.699583110293611421e-01
3 4 9.699583110293611421e-01
3 5 9.699583110293611421e-01
3 6 9.699583110293611421e-01
3 7 9.699583110293611421e-01
3 8 9.699583110293611421e-01
3 9 9.699583110293611421e-01
3 10 9.699583110293611421e-01
3 11 9.699583110293611421e-01
3 12 9.699583110293611421e-01
3 13 9.699583110293611421e-01
3 14 9.699583110293611421e-01
3 15 9.699583110293611421e-01
3 16 9.699583110293611421e-01
3 17 9.699583110293611421e-01
3 18 9.699583110293611421e-01
3 19 9.699583159874853866e-01
3 20 9.699583181243972563e-01
3 21 9.699583181243972563e-01
3 22 9.699583181243972563e-01
3 23 9.699583181243972563e-01
3 24 9.699583181243972563e-01
3 25 9.699583181243972563e-01
3 26 9.699583181243972563e-01
3 27 9.699583181243972563e-01
3 28 9.699583181243972563e-01
3 29 1.168008795943234063e-07
4 0 9.699583110293611421e-01
4 1 9.699583110293611421e-01
4 2 9.699583110293611421e-01
4 3 9.699583110293611421e-01
4 4 9.699583110293611421e-01
4 5 9.699583110293611421e-01
4 6 9.699583110293611421e-01
4 7 9.699583110293611421e-01
4 8 9.699583110293611421e-01
4 9 9.699583110293611421e-01
4 10 9.699583110293611421e-01
4 11 9.699583110293611421e-01
4 12 9.699583110293611421e-01
4 13 9.699583110293611421e-01
4 14 9.699583110293611421e-01
4 15 9.699583110293611421e-01
4 16 9.699583110293611421e-01
4 17 9.699583110293611421e-01
4 18 9.699583110293611421e-01
4 19 9.699583110293611421e-01
4 20 9.699583110293611421e-01
4 21 9.699583110293611421e-01
4 22 9.699583110293611421e-01
4 23 9.699583110293611421e-01
4 24 9.699583110293611421e-01
4 25 9.699583181243972563e-01
4 26 9.699583181243972563e-01
4 27 9.699583181243972563e-01
4 28 9.699583181243972563e-01
4 29 1.168008795943234063e-07
5 0 9.699583110293611421e-01
5 1 9.699583110293611421e-01
5 2 9.699583110293611421e-01
5 3 9.699583110293611421e-01
5 4 9.699583110293611421e-01
5 5 9.699583110293611421e-01
5 6 9.699583110293611421e-01
5 7 9.699583110293611421e-01
5 8 9.699583110293611421e-01
5 9 9.699583110293611421e-01
5 10 9.699583110293611421e-01
5 11 9.699583110293611421e-01
5 12 9.699583110293611421e-01
5 13 9.699583110293611421e-01
5 14 9.699583110293611421e-01
5 15 9.699583110293611421e-01
5 16 9.699583110293612531e-01
5 17 9.699583110293612531e-01
5 18 9.699583110293612531e-01
5 19 9.699583110293612531e-01
5 20 9.699583110293612531e-01
5 21 9.699583110293612531e-01
5 22 9.699583110293612531e-01
5 23 9.699583110293612531e-01
5 24 9.699583110293612531e-01
5 25 9.699583110293612531e-01
5 26 9.699583110293612531e-01
5 27 9.699583110293612531e-01
5 28 9.589340198594671500e-06
5 29 1.168008795943234063e-07
6 0 9.699583110293611421e-01
6 1 9.699583110293611421e-01
6 2 9.699583110293611421e-01
6 3 9.699583110293611421e-01
6 4 9.699583110293611421e-01
6 5 9.699583110293611421e-01
6 6 9.699583110293611421e-01
6 7 9.699583110293611421e-01
6 8 9.699583110293611421e-01
6 9 9.699583110293611421e-01
6 10 9.699583110293611421e-01
6 11 9.699583110293611421e-01
6 12 9.699583110293611421e-01
6 13 9.699583110293612531e-01
6 14 9.699583110293612531e-01
6 15 9.699583110293612531e-01
6 16 9.699583110293612531e-01
6 17 9.699583110293612531e-01
6 18 9.699583159874854976e-01
6 19 9.699583159874854976e-01
6 20 9.699583181243973673e-01
6 21 9.699583181243973673e-01
6 22 9.699583181243973673e-01
6 23 9.699583181243973673e-01
6 24 9.699583181243973673e-01
6 25 9.699583181243973673e-01
6 26 9.699583181243973673e-01
6 27 9.699583181243973673e-01
6 28 9.589342993092276010e-06
6 29 1.168008795943234063e-07
7 0 9.699583110293611421e-01
7 1 9.699583110293611421e-01
7 2 9.699583110293611421e-01
7 3 9.699583110293611421e-01
7 4 9.699583110293611421e-01
7 5 9.699583110293611421e-01
7 6 9.699583110293611421e-01
7 7 9.699583110293611421e-01
7 8 9.699583110293611421e-01
7 9 9.699583110293611421e-01
7 10 9.699583110293611421e-01
7 11 9.699583110293611421e-01
7 12 9.699583110293611421e-01
7 13 9.699583110293612531e-01
7 14 9.699583110293612531e-01
7 15 9.699583110293612531e-01
7 16 9.699583110293612531e-01
7 17 9.699583110293612531e-01
7 18 9.699583110293612531e-01
7 19 9.699583110293612531e-01
7 20 9.699583110293612531e-01
7 21 9.699583110293612531e-01
7 22 9.699583110293612531e-01
7 23 9.699583110293612531e-01
7 24 9.699583110293612531e-01
7 25 9.699583110293612531e-01
7 26 9.699583110293612531e-01
7 27 0.000000000000000000e+00
7 28 9.589342701001253214e-06
7 29 1.168008795943234063e-07
8 0 9.699583110293611421e-01
8 1 9.699583159874853866e-01
8 2 9.699583181243972563e-01
8 3 9.699583181243972563e-01
8 4 9.699583181243972563e-01
8 5 9.699583181243972563e-01
8 6 9.699583181243972563e-01
8 7 9.699583181243972563e-01
8 8 9.699583181243972563e-01
8 9 9.699583181243972563e-01
8 10 9.699583181243972563e-01
8 11 9.699583181243972563e-01
8 12 9.699583181243972563e-01
8 13 9.699583181243972563e-01
8 14 9.699583181243972563e-01
8 15 9.699583181243972563e-01
8 16 9.699583181243972563e-01
8 17 9.699583181243972563e-01
8 18 9.699583181243972563e-01
8 19 9.699583181243972563e-01
8 20 9.699583181243972563e-01
8 21 9.699583181243972563e-01
8 22 9.699583181243972563e-01
8 23 9.699583181243972563e-01
8 24 9.699583181243972563e-01
8 25 9.699583181243972563e-01
8 26 9.699583181243973673e-01
8 27 1.917868260750490192e-05
8 28 9.589342554955800261e-06
8 29 1.168008795943234063e-07
9 0 9.699583110293611421e-01
9 1 9.699583110293611421e-01
9 2 9.699583110293611421e-01
9 3 9.699583110293611421e-01
9 4 9.699583110293611421e-01
9 5 9.699583110293611421e-01
9 6 9.699583110293612531e-01
9 7 9.699583110293612531e-01
9 8 9.699583110293612531e-01
9 9 9.699583110293612531e-01
9 10 9.699583159874854976e-01
9 11 9.699583165849008370e-01
9 12 9.699583181243973673e-01
9 13 9.699583181243973673e-01
9 14 9.699583181243973673e-01
9 15 9.699583181243973673e-01
9 16 9.699583181243973673e-01
9 17 9.699583181243973673e-01
9 18 9.699583181243973673e-01
9 19 9.699583181243973673e-01
9 20 9.699583181243973673e-01
9 21 9.699583181243973673e-01
9 22 9.699583181243973673e-01
9 23 9.699583181243973673e-01
9 24 9.699583181243973673e-01
9 25 9.699583181243973673e-01
9 26 2.224269898324608527e-21
9 27 2.224269898324608527e-21
9 28 2.224269898324608527e-21
9 29 1.168008795943234063e-07
10 0 9.699583110293611421e-01
10 1 9.699583110293611421e-01
10 2 9.699583110293611421e-01
10 3 9.699583110293611421e-01
10 4 9.699583110293611421e-01
10 5 9.699583110293611421e-01
10 6 9.699583110293611421e-01
10 7 9.699583110293611421e-01
10 8 9.699583110293611421e-01
10 9 9.699583110293611421e-01
10 10 9.699583110293611421e-01
10 11 9.699583110293611421e-01
10 12 9.699583110293611421e-01
10 13 9.699583110293611421e-01
10 14 9.699583110293611421e-01
10 15 9.699583110293611421e-01
10 16 9.699583110293611421e-01
10 17 9.699583110293611421e-01
10 18 9.699583110293611421e-01
10 19 9.699583110293611421e-01
10 20 9.699583110293611421e-01
10 21 9.699583110293611421e-01
10 22 9.699583110293611421e-01
10 23 9.699583110293611421e-01
10 24 9.699583110293611421e-01
10 25 0.000000000000000000e+00
10 26 9.589340198594712157e-06
10 27 9.589340198594712157e-06
10 28 9.589340198594712157e-06
10 29 1.168008795943234063e-07
11 0 9.699583110293611421e-01
11 1 9.699583110293611421e-01
11 2 9.699583110293611421e-01
11 3 9.699583110293611421e-01
11 4 9.699583110293611421e-01
11 5 9.699583110293611421e-01
11 6 9.699583110293611421e-01
11 7 9.699583110293611421e-01
11 8 9.699583110293611421e-01
11 9 9.699583110293611421e-01
11 10 9.699583110293611421e-01
11 11 9.699583110293611421e-01
11 12 9.699583110293611421e-01
11 13 9.699583110293611421e-01
11 14 9.699583110293611421e-01
11 15 9.699583110293611421e-01
11 16 9.699583110293611421e-01
11 17 9.699583110293611421e-01
11 18 9.699583110293611421e-01
11 19 9.699583110293611421e-01
11 20 9.699583110293611421e-01
11 21 9.699583110293612531e-01
11 22 9.699583110293612531e-01
11 23 9.699583110293612531e-01
11 24 9.699583110293612531e-01
11 25 0.000000000000000000e+00
11 26 0.000000000000000000e+00
11 27 0.000000000000000000e+00
11 28 0.000000000000000000e+00
11 29 1.168008795943234063e-07
12 0 9.699583110293611421e-01
12 1 9.699583110293611421e-01
12 2 9.699583110293611421e-01
12 3 9.699583110293611421e-01
12 4 9.699583110293611421e-01
12 5 9.699583110293611421e-01
12 6 9.699583110293611421e-01
12 7 9.699583110293611421e-01
12 8 9.699583110293611421e-01
12 9 9.699583110293611421e-01
12 10 9.699583110293611421e-01
12 11 9.699583110293611421e-01
12 12 9.699583110293611421e-01
12 13 9.699583110293611421e-01
12 14 9.699583110293611421e-01
12 15 9.699583110293611421e-01
12 16 9.699583110293611421e-01
12 17 9.699583110293611421e-01
12 18 9.699583110293611421e-01
12 19 9.699583110293611421e-01
12 20 9.699583110293612531e-01
12 21 9.699583110293612531e-01
12 22 9.699583110293612531e-01
12 23 9.699583110293612531e-01
12 24 0.000000000000000000e+00
12 25 0.000000000000000000e+00
12 26 0.000000000000000000e+00
12 27 0.000000000000000000e+00
12 28 0.000000000000000000e+00
12 29 1.168008795943234063e-07
13 0 9.699583110293611421e-01
13 1 9.699583110293611421e-01
13 2 9.699583159874853866e-01
13 3 9.699583181243972563e-01
13 4 9.699583181243972563e-01
13 5 9.699583181243972563e-01
13 6 9.699583181243972563e-01
13 7 9.699583181243972563e-01
13 8 9.699583181243972563e-01
13 9 9.699583181243972563e-01
13 10 9.699583181243972563e-01
13 11 9.699583181243972563e-01
13 12 9.699583181243972563e-01
13 13 9.699583181243972563e-01
13 14 9.699583181243972563e-01
13 15 9.699583181243972563e-01
13 16 9.699583181243972563e-01
13 17 9.699583181243972563e-01
13 18 9.699583181243972563e-01
13 19 9.699583181243972563e-01
13 20 9.699583181243972563e-01
13 21 9.699583181243972563e-01
13 22 9.699583181243972563e-01
13 23 0.000000000000000000e+00
13 24 0.000000000000000000e+00
13 25 0.000000000000000000e+00
13 26 1.460454951013575476e-13
13 27 1.460454951013575476e-13
13 28 3.387558653010692902e-29
13 29 1.168008795943234063e-07
14 0 9.699583110293611421e-01
14 1 9.699583110293611421e-01
14 2 9.699583110293611421e-01
14 3 9.699583110293611421e-01
14 4 9.699583110293611421e-01
14 5 9.699583110293611421e-01
14 6 9.699583110293611421e-01
14 7 9.699583110293611421e-01
14 8 9.699583110293611421e-01
14 9 9.699583110293611421e-01
14 10 9.699583110293611421e-01
14 11 9.699583110293611421e-01
14 12 9.699583110293611421e-01
14 13 9.699583110293611421e-01
14 14 9.699583110293611421e-01
14 15 9.699583110293611421e-01
14 16 9.699583110293611421e-01
14 17 9.699583110293611421e-01
14 18 9.699583110293611421e-01
14 19 9.699583110293611421e-01
14 20 9.699583110293611421e-01
14 21 9.699583159874853866e-01
14 22 0.000000000000000000e+00
14 23 9.589341801270754234e-06
14 24 9.589342554955764686e-06
14 25 9.589342554955764686e-06
14 26 9.589342554955800261e-06
14 27 9.589342554955800261e-06
14 28 0.000000000000000000e+00
14 29 1.168008795943234063e-07
15 0 9.699583110293611421e-01
15 1 9.699583110293611421e-01
15 2 9.699583110293611421e-01
15 3 9.699583110293611421e-01
15 4 9.699583110293611421e-01
15 5 9.699583110293611421e-01
15 6 9.699583110293611421e-01
15 7 9.699583110293611421e-01
15 8 9.699583110293611421e-01
15 9 9.699583110293611421e-01
15 10 9.699583110293611421e-01
15 11 9.699583110293611421e-01
15 12 9.699583110293611421e-01
15 13 9.699583110293611421e-01
15 14 9.699583110293611421e-01
15 15 9.699583110293611421e-01
15 16 9.699583110293611421e-01
15 17 9.699583110293611421e-01
15 18 9.699583110293611421e-01
15 19 9.699583110293611421e-01
15 20 9.699583110293611421e-01
15 21 0.000000000000000000e+00
15 22 0.000000000000000000e+00
15 23 0.000000000000000000e+00
15 24 0.000000000000000000e+00
15 25 0.000000000000000000e+00
15 26 0.000000000000000000e+00
15 27 0.000000000000000000e+00
15 28 0.000000000000000000e+00
15 29 1.168008795943234063e-07
16 0 9.699583110293611421e-01
16 1 9.699583110293611421e-01
16 2 9.699583110293611421e-01
16 3 9.699583110293611421e-01
16 4 9.699583110293611421e-01
16 5 9.699583110293611421e-01
16 6 9.699583110293611421e-01
16 7 9.699583110293611421e-01
16 8 9.699583110293611421e-01
16 9 9.699583110293611421e-01
16 10 9.699583110293611421e-01
16 11 9.699583110293611421e-01
16 12 9.699583159874854976e-01
16 13 9.699583181243973673e-01
16 14 9.699583181243973673e-01
16 15 9.699583181243973673e-01
16 16 9.699583181243973673e-01
16 17 9.699583181243973673e-01
16 18 9.699583181243973673e-01
16 19 9.699583181243973673e-01
16 20 9.589342701001290483e-06
16 21 9.589342701001290483e-06
16 22 9.589342701001290483e-06
16 23 9.589342700995921989e-06
16 24 9.589342554955800261e-06
16 25 9.589342554955800261e-06
16 26 9.589342554955800261e-06
16 27 9.589342554955800261e-06
16 28 9.589342554955800261e-06
16 29 1.168008795943234063e-07
17 0 9.699583110293611421e-01
17 1 9.699583110293611421e-01
17 2 9.699583110293611421e-01
17 3 9.699583110293611421e-01
17 4 9.699583110293611421e-01
17 5 9.699583110293611421e-01
17 6 9.699583110293611421e-01
17 7 9.699583110293611421e-01
17 8 9.699583110293611421e-01
17 9 9.699583110293611421e-01
17 10 9.699583110293611421e-01
17 11 9.699583110293611421e-01
17 12 9.699583181243972563e-01
17 13 9.699583181243972563e-01
17 14 9.699583181243972563e-01
17 15 9.699583181243972563e-01
17 16 9.699583181243972563e-01
17 17 9.699583181243972563e-01
17 18 9.589340198594673194e-06
17 19 9.589340198594673194e-06
17 20 9.589340198594673194e-06
17 21 9.589341947316269867e-06
17 22 9.589342701001293872e-06
17 23 9.589342701001293872e-06
17 24 9.589342700995920295e-06
17 25 1.917868260750493580e-05
17 26 1.917868260750493580e-05
17 27 1.917868510991151582e-05
17 28 2.224269898324616802e-21
17 29 1.168008795943234063e-07
18 0 9.699583110293611421e-01
18 1 9.699583110293611421e-01
18 2 9.699583159874853866e-01
18 3 9.699583181243972563e-01
18 4 9.699583181243972563e-01
18 5 9.699583181243972563e-01
18 6 9.699583181243972563e-01
18 7 9.699583181243972563e-01
18 8 9.699583181243972563e-01
18 9 9.699583181243972563e-01
18 10 9.699583181243972563e-01
18 11 9.699583181243972563e-01
18 12 9.699583181243972563e-01
18 13 9.699583181243972563e-01
18 14 9.699583181243972563e-01
18 15 9.699583181243972563e-01
18 16 9.699583181243972563e-01
18 17 9.589340198594671500e-06
18 18 9.589340198594696911e-06
18 19 9.589340198594696911e-06
18 20 9.588987582945340506e-06
18 21 0.000000000000000000e+00
18 22 0.000000000000000000e+00
18 23 0.000000000000000000e+00
18 24 0.000000000000000000e+00
18 25 0.000000000000000000e+00
18 26 0.000000000000000000e+00
18 27 0.000000000000000000e+00
18 28 1.460454928770877122e-13
18 29 1.168008795943234063e-07
19 0 9.699583110293611421e-01
19 1 9.699583110293611421e-01
19 2 9.699583110293611421e-01
19 3 9.699583110293611421e-01
19 4 9.699583110293611421e-01
19 5 9.699583110293611421e-01
19 6 9.699583110293611421e-01
19 7 9.699583110293611421e-01
19 8 9.699583110293611421e-01
19 9 9.699583110293611421e-01
19 10 9.699583110293611421e-01
19 11 9.699583110293611421e-01
19 12 9.699583110293611421e-01
19 13 9.699583110293611421e-01
19 14 9.699583110293611421e-01
19 15 9.699583110293611421e-01
19 16 0.000000000000000000e+00
19 17 0.000000000000000000e+00
19 18 0.000000000000000000e+00
19 19 0.000000000000000000e+00
19 20 0.000000000000000000e+00
19 21 0.000000000000000000e+00
19 22 0.000000000000000000e+00
19 23 0.000000000000000000e+00
19 24 0.000000000000000000e+00
19 25 0.000000000000000000e+00
19 26 0.000000000000000000e+00
19 27 0.000000000000000000e+00
19 28 0.000000000000000000e+00
19 29 1.168008795943234063e-07
20 0 9.699583110293611421e-01
20 1 9.699583110293611421e-01
20 2 9.699583110293611421e-01
20 3 9.699583110293611421e-01
20 4 9.699583110293611421e-01
20 5 9.699583110293611421e-01
20 6 9.699583110293611421e-01
20 7 9.699583110293611421e-01
20 8 9.699583110293611421e-01
20 9 9.699583110293612531e-01
20 10 9.699583110293612531e-01
20 11 9.699583110293612531e-01
20 12 9.699583110293612531e-01
20 13 9.699583110293612531e-01
20 14 0.000000000000000000e+00
20 15 0.000000000000000000e+00
20 16 0.000000000000000000e+00
20 17 0.000000000000000000e+00
20 18 0.000000000000000000e+00
20 19 0.000000000000000000e+00
20 20 0.000000000000000000e+00
20 21 0.000000000000000000e+00
20 22 0.000000000000000000e+00
20 23 0.000000000000000000e+00
20 24 0.000000000000000000e+00
20 25 0.000000000000000000e+00
20 26 0.000000000000000000e+00
20 27 0.000000000000000000e+00
20 28 9.589340052549182971e-06
20 29 1.168008795943234063e-07
21 0 9.699583110293611421e-01
21 1 9.699583110293611421e-01
21 2 9.699583110293611421e-01
21 3 9.699583110293611421e-01
21 4 9.699583110293611421e-01
21 5 9.699583110293611421e-01
21 6 9.699583110293611421e-01
21 7 9.699583110293611421e-01
21 8 9.699583110293611421e-01
21 9 9.699583110293611421e-01
21 10 9.699583110293611421e-01
21 11 9.699583110293611421e-01
21 12 9.699583159874854976e-01
21 13 0.000000000000000000e+00
21 14 0.000000000000000000e+00
21 15 0.000000000000000000e+00
21 16 0.000000000000000000e+00
21 17 0.000000000000000000e+00
21 18 0.000000000000000000e+00
21 19 0.000000000000000000e+00
21 20 0.000000000000000000e+00
21 21 0.000000000000000000e+00
21 22 0.000000000000000000e+00
21 23 0.000000000000000000e+00
21 24 9.589340198594710463e-06
21 25 9.589340198594710463e-06
21 26 9.589340198594710463e-06
21 27 9.589340052549218547e-06
21 28 9.589335339827035563e-06
21 29 1.168008795943234063e-07
22 0 9.699583110293611421e-01
22 1 9.699583110293611421e-01
22 2 9.699583110293611421e-01
22 3 9.699583110293611421e-01
22 4 9.699583110293611421e-01
22 5 9.699583110293611421e-01
22 6 9.699583110293611421e-01
22 7 9.699583110293611421e-01
22 8 9.699583110293611421e-01
22 9 9.699583110293611421e-01
22 10 9.699583110293611421e-01
22 11 9.699583110293611421e-01
22 12 0.000000000000000000e+00
22 13 9.589340198594671500e-06
22 14 9.589340198594671500e-06
22 15 9.589340198594671500e-06
22 16 9.588987582945303237e-06
22 17 0.000000000000000000e+00
22 18 0.000000000000000000e+00
22 19 0.000000000000000000e+00
22 20 0.000000000000000000e+00
22 21 0.000000000000000000e+00
22 22 0.000000000000000000e+00
22 23 0.000000000000000000e+00
22 24 0.000000000000000000e+00
22 25 0.000000000000000000e+00
22 26 0.000000000000000000e+00
22 27 0.000000000000000000e+00
22 28 0.000000000000000000e+00
22 29 1.168008795943234063e-07
23 0 9.699583110293611421e-01
23 1 9.699583110293611421e-01
23 2 9.699583110293611421e-01
23 3 9.699583110293611421e-01
23 4 9.699583110293611421e-01
23 5 9.699583110293611421e-01
23 6 9.699583110293611421e-01
23 7 9.699583110293611421e-01
23 8 9.699583110293611421e-01
23 9 9.699583110293611421e-01
23 10 0.000000000000000000e+00
23 11 0.000000000000000000e+00
23 12 0.000000000000000000e+00
23 13 0.000000000000000000e+00
23 14 0.000000000000000000e+00
23 15 0.000000000000000000e+00
23 16 0.000000000000000000e+00
23 17 0.000000000000000000e+00
23 18 0.000000000000000000e+00
23 19 0.000000000000000000e+00
23 20 0.000000000000000000e+00
23 21 0.000000000000000000e+00
23 22 0.000000000000000000e+00
23 23 0.000000000000000000e+00
23 24 0.000000000000000000e+00
23 25 0.000000000000000000e+00
23 26 0.000000000000000000e+00
23 27 0.000000000000000000e+00
23 28 0.000000000000000000e+00
23 29 1.168008795943234063e-07
24 0 9.699583110293611421e-01
24 1 9.699583159874853866e-01
24 2 9.699583159874853866e-01
24 3 9.699583181243972563e-01
24 4 9.699583181243972563e-01
24 5 9.699583181243972563e-01
24 6 9.699583181243972563e-01
24 7 9.699583181243972563e-01
24 8 9.699583181243972563e-01
24 9 9.589340198594671500e-06
24 10 9.589340198594671500e-06
24 11 9.589340198594671500e-06
24 12 9.589340198594671500e-06
24 13 9.589340198589304699e-06
24 14 9.589340052549182971e-06
24 15 9.589340052549182971e-06
24 16 9.589340052549182971e-06
24 17 9.589340052549182971e-06
24 18 9.589340052549182971e-06
24 19 9.589340052549182971e-06
24 20 9.589341801270752540e-06
24 21 9.589342554955764686e-06
24 22 9.589342554955764686e-06
24 23 9.589342701001217639e-06
24 24 9.589342701001217639e-06
24 25 9.589342701001217639e-06
24 26 9.589342701001217639e-06
24 27 9.589342701001217639e-06
24 28 2.888481684466850095e-05
24 29 1.168008795943234063e-07
25 0 9.699583110293611421e-01
25 1 9.699583110293611421e-01
25 2 9.699583110293611421e-01
25 3 9.699583110293612531e-01
25 4 9.699583110293612531e-01
25 5 9.699583110293612531e-01
25 6 9.699583110293612531e-01
25 7 0.000000000000000000e+00
25 8 0.000000000000000000e+00
25 9 9.589342554955764686e-06
25 10 9.589342554955764686e-06
25 11 9.589340426652619121e-06
25 12 0.000000000000000000e+00
25 13 0.000000000000000000e+00
25 14 0.000000000000000000e+00
25 15 0.000000000000000000e+00
25 16 0.000000000000000000e+00
25 17 9.589340198594635924e-06
25 18 9.589340198594635924e-06
25 19 9.589340198594661335e-06
25 20 1.917867553842172570e-05
25 21 1.917867553842173247e-05
25 22 3.835735843801765549e-05
25 23 3.835735843801765549e-05
25 24 3.835736353813685534e-05
25 25 3.835736579919197479e-05
25 26 2.876802295214519916e-05
25 27 2.876802280609971741e-05
25 28 9.589340198594718934e-06
25 29 1.168008795943234063e-07
26 0 9.699583110293611421e-01
26 1 9.699583110293611421e-01
26 2 9.699583110293611421e-01
26 3 9.699583110293611421e-01
26 4 9.699583181243972563e-01
26 5 9.699583181243972563e-01
26 6 9.589340198594671500e-06
26 7 9.589340198594671500e-06
26 8 9.589340198594671500e-06
26 9 9.589341947316241068e-06
26 10 9.589342701001254908e-06
26 11 9.589342701001254908e-06
26 12 9.589342701001254908e-06
26 13 9.589342701001254908e-06
26 14 1.460454569897555089e-13
26 15 1.460454569897555089e-13
26 16 1.460454547654862541e-13
26 17 1.460400844362886610e-13
26 18 0.000000000000000000e+00
26 19 0.000000000000000000e+00
26 20 0.000000000000000000e+00
26 21 0.000000000000000000e+00
26 22 0.000000000000000000e+00
26 23 0.000000000000000000e+00
26 24 0.000000000000000000e+00
26 25 0.000000000000000000e+00
26 26 0.000000000000000000e+00
26 27 0.000000000000000000e+00
26 28 0.000000000000000000e+00
26 29 1.168008795943234063e-07
27 0 9.699583110293611421e-01
27 1 9.699583110293611421e-01
27 2 9.699583110293611421e-01
27 3 9.699583110293611421e-01
27 4 0.000000000000000000e+00
27 5 0.000000000000000000e+00
27 6 0.000000000000000000e+00
27 7 0.000000000000000000e+00
27 8 0.000000000000000000e+00
27 9 0.000000000000000000e+00
27 10 0.000000000000000000e+00
27 11 0.000000000000000000e+00
27 12 1.917868039718933622e-05
27 13 1.917868039718933622e-05
27 14 1.917868039718933622e-05
27 15 1.917832778153996288e-05
27 16 9.589340198594698605e-06
27 17 9.589340198594710463e-06
27 18 9.589340198594710463e-06
27 19 9.589340198594710463e-06
27 20 9.589340198594710463e-06
27 21 9.589340198594710463e-06
27 22 9.589340344640200685e-06
27 23 9.589340344640200685e-06
27 24 9.589340344640200685e-06
27 25 0.000000000000000000e+00
27 26 0.000000000000000000e+00
27 27 0.000000000000000000e+00
27 28 0.000000000000000000e+00
27 29 1.168008795943234063e-07
28 0 9.699583110293611421e-01
28 1 9.699583110293611421e-01
28 2 9.699583110293611421e-01
28 3 0.000000000000000000e+00
28 4 0.000000000000000000e+00
28 5 0.000000000000000000e+00
28 6 0.000000000000000000e+00
28 7 0.000000000000000000e+00
28 8 0.000000000000000000e+00
28 9 0.000000000000000000e+00
28 10 0.000000000000000000e+00
28 11 0.000000000000000000e+00
28 12 0.000000000000000000e+00
28 13 0.000000000000000000e+00
28 14 0.000000000000000000e+00
28 15 0.000000000000000000e+00
28 16 0.000000000000000000e+00
28 17 0.000000000000000000e+00
28 18 0.000000000000000000e+00
28 19 0.000000000000000000e+00
28 20 0.000000000000000000e+00
28 21 0.000000000000000000e+00
28 22 0.000000000000000000e+00
28 23 0.000000000000000000e+00
28 24 0.000000000000000000e+00
28 25 0.000000000000000000e+00
28 26 0.000000000000000000e+00
28 27 0.000000000000000000e+00
28 28 2.876802530850625339e-05
28 29 1.168008795943234063e-07
29 0 9.699583110293611421e-01
29 1 0.000000000000000000e+00
29 2 0.000000000000000000e+00
29 3 0.000000000000000000e+00
29 4 0.000000000000000000e+00
29 5 0.000000000000000000e+00
29 6 0.000000000000000000e+00
29 7 0.000000000000000000e+00
29 8 0.000000000000000000e+00
29 9 0.000000000000000000e+00
29 10 0.000000000000000000e+00
29 11 0.000000000000000000e+00
29 12 0.000000000000000000e+00
29 13 0.000000000000000000e+00
29 14 0.000000000000000000e+00
29 15 0.000000000000000000e+00
29 16 0.000000000000000000e+00
29 17 0.000000000000000000e+00
29 18 0.000000000000000000e+00
29 19 0.000000000000000000e+00
29 20 0.000000000000000000e+00
29 21 0.000000000000000000e+00
29 22 9.589342554955764686e-06
29 23 9.589342554955790097e-06
29 24 9.589342554955800261e-06
29 25 9.589342554955800261e-06
29 26 2.224188142195300305e-21
29 27 3.387558549825780043e-29
29 28 3.387558549825780043e-29
29 29 1.168008795943234063e-07
